23 36
1 3 100 9953
1 6 100 9953
1 10 150 9953
1 16 400 2488
1 21 20050 2488
2 8 400 2488
2 12 395 2488
2 22 6070 2488
3 8 70 9953
3 11 70 9953
4 5 100 9953
4 13 350 2488
4 17 250 2488
5 6 1 2488
5 8 100 9953
5 12 70 9953
5 20 405 2488
6 9 395 2488
6 11 70 9953
6 15 100 9953
7 8 90 9953
7 11 70 9953
7 14 350 2488
8 18 70 9953
8 22 6400 2488
9 11 400 2488
10 17 170 2488
10 19 400 2488
11 23 6600 3488
12 18 70 9953
13 23 6700 2488
13 15 150 9953
14 17 370 2488
15 18 90 9953
16 19 400 2488
18 21 20000 2488