0 1 1.0 
0 1 4 6 5 2 0.4142159409747529 
0 1 5 2 0.007839291281235583 
0 1 11 8 2 0.5779447677440115 
0 1 4 6 3 0.468753247427963 
0 1 4 7 9 10 3 0.1947937233710954 
0 1 4 7 9 3 0.0825106515639597 
0 1 5 6 3 0.02737581835179224 
0 1 11 8 2 5 6 3 0.22656655928518968 
0 1 4 0.7832017042502348 
0 1 11 8 2 5 6 3 9 7 4 0.21679829574976517 
0 1 4 6 5 0.4142159409747503 
0 1 5 0.14241920399043953 
0 1 11 8 2 5 0.44336485503481016 
0 1 4 6 0.5736516678790389 
0 1 4 7 9 3 6 0.04759430531019859 
0 1 5 6 0.14241920399043953 
0 1 11 8 2 5 6 0.236334822820323 
0 1 4 6 3 9 7 0.21210251480820166 
0 1 4 7 0.5534916346253785 
0 1 5 6 3 9 7 0.017607554816655165 
0 1 11 8 2 5 6 3 9 7 0.21679829574976464 
0 1 4 6 5 2 8 0.27475189649798426 
0 1 11 8 0.7252481035020157 
0 1 4 6 3 9 0.44181258443305776 
0 1 4 7 9 0.32378156500052196 
0 1 5 6 3 9 0.004695780941564254 
0 1 5 6 3 10 9 0.022680037410227987 
0 1 11 8 2 5 6 3 10 9 0.20703003221462798 
0 1 4 6 3 9 10 0.20645848487997354 
0 1 4 6 3 10 0.26229476254798945 
0 1 4 7 9 10 0.2773043749350551 
0 1 5 6 3 10 0.02737581835179224 
0 1 11 8 2 5 6 3 10 0.22656655928518968 
0 1 4 6 5 2 8 11 0.12551958848607603 
0 1 5 2 8 11 0.007839291281235583 
0 1 11 0.8666411202326884 
1 0 1.0 
1 4 6 5 2 0.414215940974753 
1 11 8 2 0.585784059025247 
1 4 6 3 0.46875324742796165 
1 4 7 9 10 3 0.19479372337109507 
1 4 7 9 3 0.0825106515639597 
1 5 6 3 0.02737581835179224 
1 11 8 2 5 6 3 0.22656655928519134 
1 4 0.78320170425023 
1 11 8 2 5 6 3 9 7 4 0.21679829574977005 
1 4 6 5 0.4142159409747511 
1 5 0.1424192039904414 
1 11 8 2 5 0.4433648550348075 
1 4 6 0.5736516678790398 
1 4 7 9 3 6 0.047594305310197704 
1 5 6 0.14241920399043953 
1 11 8 2 5 6 0.236334822820323 
1 4 6 3 9 7 0.21210251480820166 
1 4 7 0.553491634625378 
1 5 6 3 9 7 0.017607554816655165 
1 11 8 2 5 6 3 9 7 0.2167982957497652 
1 4 6 5 2 8 0.2747518964979828 
1 5 2 8 0.007839291281233951 
1 11 8 0.7174088122207832 
1 4 6 3 9 0.4418125844330534 
1 4 7 9 0.32378156500052135 
1 5 6 3 9 0.004695780941568639 
1 5 6 3 10 9 0.0226800374102236 
1 11 8 2 5 6 3 10 9 0.207030032214633 
1 4 6 3 9 10 0.20645848487997864 
1 4 6 3 10 0.2622947625479878 
1 4 7 9 10 0.27730437493505 
1 5 6 3 10 0.02737581835179224 
1 11 8 2 5 6 3 10 0.22656655928519134 
1 4 6 5 2 8 11 0.13528785202121252 
1 5 2 8 11 0.007839291281235583 
1 11 0.8568728566975519 
2 5 6 4 1 0 0.4142159409747529 
2 5 1 0 0.00783929128123556 
2 8 11 1 0 0.5779447677440115 
2 5 6 4 1 0.4142159409747529 
2 5 1 0.00783929128123556 
2 8 11 1 0.5779447677440115 
2 5 6 3 0.6486217915411763 
2 8 11 1 4 6 3 0.054537306453217416 
2 8 11 1 4 7 9 10 3 0.1947937233710954 
2 8 11 1 4 7 9 3 0.0825106515639597 
2 8 11 1 5 6 3 0.019536527070551202 
2 5 6 3 9 7 4 0.2167982957497651 
2 5 6 4 0.41421594097475606 
2 5 1 4 0.017607554816655213 
2 8 11 1 4 0.3513782084588236 
2 5 0.865420087290796 
2 8 11 1 5 0.13457991270920394 
2 5 6 0.6583900550763088 
2 8 11 1 4 6 0.15943572690428862 
2 8 11 1 4 7 9 3 6 0.04759430531019529 
2 8 11 1 5 6 0.13457991270920733 
2 5 6 3 9 7 0.44650836537462213 
2 5 6 4 7 0.20211342616655414 
2 8 11 1 4 7 0.3513782084588237 
2 5 6 4 1 11 8 0.1394640444767718 
2 8 0.8605359555232281 
2 5 6 3 9 0.446508365374622 
2 5 6 3 10 9 0.20211342616655426 
2 8 11 1 4 6 3 10 9 0.02759664345830226 
2 8 11 1 4 7 9 0.3237815650005214 
2 5 6 3 9 10 0.20645848487997354 
2 5 6 3 10 0.44216330666120274 
2 8 11 1 4 6 3 10 0.07407383352376862 
2 8 11 1 4 7 9 10 0.2773043749350551 
2 5 6 4 1 11 0.27892808895354193 
2 8 11 0.7210719110464581 
3 6 4 1 0 0.46875324742796465 
3 6 5 1 0 0.02737581835179224 
3 6 5 2 8 11 1 0 0.2265665592851878 
3 9 7 4 1 0 0.08251065156395972 
3 10 9 7 4 1 0 0.19479372337109563 
3 6 4 1 0.46875324742796465 
3 6 5 1 0.027375818351792258 
3 6 5 2 8 11 1 0.22656655928518776 
3 9 7 4 1 0.08251065156395972 
3 10 9 7 4 1 0.19479372337109563 
3 6 4 1 11 8 2 0.054537306453217194 
3 6 5 1 11 8 2 0.019536527070551202 
3 6 5 2 0.6486217915411763 
3 9 7 4 1 11 8 2 0.08251065156395972 
3 10 9 7 4 1 11 8 2 0.19479372337109563 
3 6 4 0.4687532474279698 
3 6 5 1 4 0.02737581835179224 
3 6 5 2 8 11 1 4 0.009768263535417949 
3 9 7 4 0.2993089473137277 
3 10 9 7 4 0.19479372337109224 
3 6 4 1 5 0.0545373064532198 
3 6 5 0.6681583186117248 
3 9 7 4 1 5 0.06050607918542773 
3 9 7 4 1 11 8 2 5 0.022004572378531984 
3 10 9 7 4 1 11 8 2 5 0.19479372337109563 
3 6 0.7702899303751433 
3 9 7 4 6 0.03491634625376447 
3 10 9 7 4 6 0.06998207419730469 
3 10 9 7 4 1 5 6 0.11504338563864754 
3 10 9 7 4 1 11 8 2 5 6 0.009768263535140043 
3 6 4 7 0.2761872596903232 
3 9 7 0.5485555440091429 
3 10 9 7 0.17525719630053394 
3 6 4 1 11 8 0.19400135092998905 
3 6 5 1 11 8 0.01953652707055109 
3 6 5 2 8 0.5091577470644045 
3 9 7 4 1 11 8 0.08251065156395972 
3 10 9 7 4 1 11 8 0.19479372337109563 
3 6 4 7 9 0.04647719006546669 
3 9 0.5290190169385844 
3 10 9 0.42450379299594887 
3 9 10 0.2889691364439363 
3 10 0.7110308635560637 
3 6 4 1 11 0.333465395406752 
3 6 5 1 11 0.019536527070558307 
3 6 5 2 8 11 0.36969370258763434 
3 9 7 4 1 11 0.08251065156395972 
3 10 9 7 4 1 11 0.19479372337109563 
4 7 9 3 6 5 2 8 11 1 0 0.2167982957497646 
4 1 0 0.7832017042502354 
4 7 9 3 6 5 2 8 11 1 0.2167982957497646 
4 1 0.7832017042502354 
4 6 5 2 0.41421594097475317 
4 7 9 3 6 5 2 0.21679829574976728 
4 1 5 2 0.007839291281235583 
4 1 11 8 2 0.36114647199424393 
4 6 3 0.46875324742796964 
4 7 9 10 3 0.19479372337109202 
4 7 9 3 0.2993089473137277 
4 1 5 6 3 0.02737581835179224 
4 1 11 8 2 5 6 3 0.009768263535418393 
4 6 5 0.4142159409747532 
4 7 9 10 3 6 5 0.019536527070557724 
4 7 9 3 6 5 0.19726176867920692 
4 1 5 0.14241920399043978 
4 1 11 8 2 5 0.22656655928504238 
4 6 0.5736516678790419 
4 7 9 3 6 0.2643926010599632 
4 1 5 6 0.14241920399043978 
4 1 11 8 2 5 6 0.019536527070555143 
4 6 3 9 7 0.21210251480820166 
4 7 0.7702899303751436 
4 1 5 6 3 9 7 0.01760755481665477 
4 6 5 2 8 0.27475189649798426 
4 7 9 3 6 5 2 8 0.20703003221462657 
4 1 5 2 8 0.007839291281235583 
4 1 11 8 0.5103787800061536 
4 6 3 9 0.2492465966954151 
4 6 3 10 9 0.19256598773764622 
4 7 9 0.5581874155669386 
4 6 3 10 0.4687532474279664 
4 7 9 10 0.4837628598150286 
4 7 9 3 10 0.010339810869791188 
4 1 5 6 3 10 0.02737581835179224 
4 1 11 8 2 5 6 3 10 0.009768263535421557 
4 6 5 1 11 0.0019289722538996523 
4 6 5 2 8 11 0.13335887976731295 
4 7 9 3 6 5 2 8 11 0.21679829574976328 
4 1 11 0.6479138522290241 
5 6 4 1 0 0.41421594097475023 
5 1 0 0.14241920399043953 
5 2 8 11 1 0 0.4433648550348068 
5 6 4 1 0.41421594097475023 
5 1 0.14241920399043953 
5 2 8 11 1 0.44336485503481027 
5 1 11 8 2 0.13457991270920394 
5 2 0.8654200872907954 
5 6 3 0.6681583186114427 
5 1 4 6 3 0.05453730645350219 
5 1 4 7 9 10 3 0.06050607918514535 
5 2 8 11 1 4 7 9 10 3 0.13428764418595007 
5 2 8 11 1 4 7 9 3 0.0825106515639597 
5 6 3 9 7 4 0.19726176867920692 
5 6 3 10 9 7 4 0.019536527070561027 
5 6 4 0.41421594097475023 
5 1 4 0.14241920399043953 
5 2 8 11 1 4 0.22656655928504219 
5 6 0.7929699677855161 
5 2 8 11 1 4 6 0.15943572690428862 
5 2 8 11 1 4 7 9 3 6 0.04759430531019526 
5 6 3 9 7 0.446508365374622 
5 6 4 7 0.20211342616626837 
5 1 4 7 0.12481164917378461 
5 2 8 11 1 4 7 0.22656655928532488 
5 6 4 1 11 8 0.13946404447677163 
5 1 11 8 0.13457991270920394 
5 2 8 0.7259560428140244 
5 6 3 9 0.446508365374622 
5 6 3 10 9 0.22164995323682068 
5 1 4 7 9 0.11504338563864754 
5 2 8 11 1 4 7 9 0.21679829574990972 
5 6 3 9 10 0.18692195780941234 
5 6 3 10 0.48123636080203036 
5 1 4 6 3 10 0.05453730645350219 
5 1 4 7 9 10 0.06050607918514535 
5 2 8 11 1 4 7 9 10 0.21679829574990978 
5 6 4 1 11 0.2789280889535422 
5 1 11 0.13457991270920394 
5 2 8 11 0.5864919983372539 
6 3 9 7 4 1 0 0.04759430531019525 
6 4 1 0 0.5736516678790389 
6 5 1 0 0.14241920399043953 
6 5 2 8 11 1 0 0.236334822820323 
6 3 9 7 4 1 0.04759430531019904 
6 4 1 0.5736516678790389 
6 5 1 0.14241920399043953 
6 5 2 8 11 1 0.23633482282032256 
6 3 9 7 4 1 11 8 2 0.047594305310198676 
6 4 1 11 8 2 0.15943572690428862 
6 5 1 11 8 2 0.1345799127092039 
6 5 2 0.6583900550763087 
6 3 0.7702899303751433 
6 4 7 9 10 3 0.10489842045106916 
6 5 1 4 7 9 10 3 0.08989530292002311 
6 5 1 4 7 9 3 0.025148082718624426 
6 5 2 8 11 1 4 7 9 3 0.009768263535140043 
6 3 9 7 4 0.2643926010599632 
6 4 0.5736516678790389 
6 5 1 4 0.14241920399043953 
6 5 2 8 11 1 4 0.019536527070558335 
6 3 9 7 4 1 11 8 2 5 0.047594305310198586 
6 4 1 11 8 2 5 0.1594357269042859 
6 5 0.7929699677855155 
6 3 9 7 0.5136391977553781 
6 4 7 0.3615491530708372 
6 5 1 4 7 0.12481164917378461 
6 3 9 7 4 1 11 8 0.04759430531019525 
6 4 1 11 8 0.29889977138106044 
6 5 1 11 8 0.13457991270920394 
6 5 2 8 0.518926010599537 
6 3 9 0.5136391977553784 
6 3 10 9 0.22971006962485652 
6 4 7 9 0.13183908344597747 
6 5 1 4 7 9 0.11504338563864754 
6 5 2 8 11 1 4 7 9 0.009768263535140057 
6 3 9 10 0.254052790190172 
6 3 10 0.5162371401849714 
6 4 7 9 10 0.10489842045106916 
6 5 1 4 7 9 10 0.11504338563864754 
6 5 2 8 11 1 4 7 9 10 0.009768263535139932 
6 3 9 7 4 1 11 0.04759430531019525 
6 4 1 11 0.43836381585782824 
6 5 1 11 0.13457991270920394 
6 5 2 8 11 0.37946196612276917 
7 9 3 6 4 1 0 0.2121025148081992 
7 9 3 6 5 1 0 0.017607554816655165 
7 9 3 6 5 2 8 11 1 0 0.21679829574976767 
7 4 1 0 0.553491634625378 
7 9 3 6 4 1 0.2121025148081992 
7 9 3 6 5 1 0.017607554816655165 
7 9 3 6 5 2 8 11 1 0.21679829574976756 
7 4 1 0.553491634625378 
7 9 3 6 5 2 0.446508365374622 
7 4 6 5 2 0.20211342616655437 
7 4 1 11 8 2 0.3513782084588236 
7 9 10 3 0.19479372337109513 
7 9 3 0.5290190169385817 
7 4 6 3 0.25665073261976484 
7 4 1 5 6 3 0.009768263535137078 
7 4 1 11 8 2 5 6 3 0.009768263535421285 
7 9 3 6 4 0.21210251480820166 
7 9 3 6 5 1 4 0.017607554816655158 
7 4 0.7702899303751432 
7 9 3 6 5 0.446508365374622 
7 4 6 5 0.2021134261665506 
7 4 1 5 0.12481164917378458 
7 4 1 11 8 2 5 0.22656655928504282 
7 9 3 6 0.4941026706848262 
7 4 6 0.36154915307083396 
7 4 1 5 6 0.1248116491737846 
7 4 1 11 8 2 5 6 0.01953652707055522 
7 9 3 6 5 2 8 0.446508365374622 
7 4 6 5 2 8 0.06264938168978262 
7 4 1 11 8 0.49084225293559536 
7 9 0.7702899303751435 
7 4 6 3 10 9 0.22971006962485652 
7 9 10 0.48376285981502887 
7 9 3 10 0.24004988049464815 
7 4 6 3 10 0.25665073261976484 
7 4 1 5 6 3 10 0.009768263535137078 
7 4 1 11 8 2 5 6 3 10 0.009768263535421063 
7 9 3 6 4 1 11 0.07090434375965504 
7 9 3 6 5 1 11 0.02544684609789075 
7 9 3 6 5 2 8 11 0.35015717551707626 
7 4 1 11 0.553491634625378 
8 11 1 0 0.7174088122207832 
8 2 5 6 4 1 0 0.27475189649798115 
8 2 5 1 0 0.00783929128123556 
8 11 1 0.7174088122207816 
8 2 5 6 4 1 0.2747518964979828 
8 2 5 1 0.00783929128123556 
8 11 1 4 6 5 2 0.13946404447677185 
8 2 0.8605359555232281 
8 11 1 4 6 3 0.194001350929982 
8 11 1 4 7 9 10 3 0.1947937233710954 
8 11 1 4 7 9 3 0.0825106515639597 
8 11 1 5 6 3 0.009768263535420096 
8 2 5 6 3 0.5189260105995428 
8 11 1 4 0.5084498077522506 
8 2 5 6 3 9 7 4 0.2167982957497652 
8 2 5 6 4 0.27475189649798426 
8 11 1 4 6 5 0.1394640444767717 
8 11 1 5 0.13457991270920394 
8 2 5 0.7259560428140244 
8 11 1 4 6 0.29889977138106044 
8 11 1 4 7 9 3 6 0.04759430531019848 
8 11 1 5 6 0.13457991270920394 
8 2 5 6 0.518926010599537 
8 11 1 4 7 0.49084225293559547 
8 2 5 6 3 9 7 0.446508365374622 
8 2 5 6 4 7 0.0626493816897824 
8 11 1 4 6 3 9 0.14752416086452286 
8 11 1 4 7 9 0.3237815650005214 
8 11 1 5 6 3 9 0.029304790605971354 
8 2 5 6 3 9 0.2696794139041278 
8 2 5 6 3 10 9 0.22971006962485657 
8 11 1 4 6 3 9 10 0.20645848487997343 
8 11 1 4 6 3 10 0.016847656655987087 
8 11 1 4 7 9 10 0.2773043749350551 
8 2 5 6 3 10 0.4993894835289844 
8 11 0.8605359555232298 
8 2 5 6 4 1 11 0.1394640444767702 
9 10 3 6 4 1 0 0.22971006962485657 
9 3 6 4 1 0 0.2121025148081993 
9 3 6 5 1 0 0.02737581835179224 
9 3 6 5 2 8 11 1 0 0.20703003221463048 
9 7 4 1 0 0.32378156500052135 
9 10 3 6 4 1 0.22971006962485585 
9 3 6 4 1 0.2121025148081993 
9 3 6 5 1 0.02737581835179224 
9 3 6 5 2 8 11 1 0.20703003221463048 
9 7 4 1 0.32378156500052213 
9 10 3 6 5 1 11 8 2 0.02759664345830226 
9 10 3 6 5 2 0.20211342616655434 
9 3 6 5 2 0.446508365374622 
9 7 4 1 11 8 2 0.32378156500052135 
9 10 3 0.42450379299594887 
9 3 0.5290190169385844 
9 7 4 6 3 0.026940662994908323 
9 7 4 1 11 8 2 5 6 3 0.019536527070558345 
9 10 3 6 4 0.2101735425542982 
9 3 6 4 0.2316390418787631 
9 3 6 5 1 4 0.017607554816651994 
9 7 4 0.5405798607502866 
9 10 3 6 5 0.2216499532371055 
9 3 6 5 0.44650836537462196 
9 7 4 1 5 0.11504338563864754 
9 7 4 1 11 8 2 5 0.21679829574962495 
9 10 3 6 0.2297100696248566 
9 3 6 0.4941026706848173 
9 7 4 6 0.13183908344597747 
9 7 4 1 5 6 0.11504338563864754 
9 7 4 1 11 8 2 5 6 0.029304790605701084 
9 10 3 6 4 7 0.22971006962485652 
9 7 0.7702899303751435 
9 10 3 6 4 1 11 8 0.14752416086452225 
9 10 3 6 5 1 11 8 0.01953652707055109 
9 10 3 6 5 2 8 0.06264938168978251 
9 3 6 5 2 8 0.446508365374622 
9 7 4 1 11 8 0.32378156500052213 
9 10 0.7134729294398852 
9 3 10 0.24004988049464815 
9 7 4 6 3 10 0.04647719006546669 
9 10 3 6 4 1 11 0.22971006962485585 
9 3 6 4 1 11 0.07681466278698768 
9 3 6 5 1 11 0.019536527070558085 
9 3 6 5 2 8 11 0.35015717551707626 
9 7 4 1 11 0.32378156500052213 
10 3 6 4 1 0 0.46875324742796376 
10 3 6 5 1 0 0.02737581835179224 
10 3 6 5 2 8 11 1 0 0.020108074405215354 
10 9 3 6 5 2 8 11 1 0 0.20645848487997354 
10 9 7 4 1 0 0.2773043749350551 
10 3 6 4 1 0.46875324742796376 
10 3 6 5 1 0.02737581835179224 
10 3 6 5 2 8 11 1 0.020108074405215354 
10 9 3 6 5 2 8 11 1 0.20645848487997354 
10 9 7 4 1 0.2773043749350551 
10 3 6 5 1 11 8 2 0.01953652707055109 
10 3 6 5 2 0.49670061311442026 
10 9 3 6 5 2 0.15192117842675612 
10 9 7 4 1 11 8 2 0.3318416813882725 
10 3 0.7110308635560637 
10 9 3 0.2889691364439363 
10 3 6 4 0.4687532474279665 
10 3 6 5 1 4 0.02737581835179224 
10 3 6 5 2 8 11 1 4 0.00976826353541799 
10 3 9 7 4 0.01033981086979463 
10 9 7 4 0.48376285981502865 
10 3 6 4 1 5 0.05453730645321736 
10 3 6 5 0.461699833731754 
10 9 3 6 5 0.20645848487997348 
10 9 7 4 1 5 0.060506079185430175 
10 9 7 4 1 11 8 2 5 0.21679829574962495 
10 3 6 0.5162371401849714 
10 9 3 6 0.25405279019017224 
10 9 7 4 6 0.10489842045106916 
10 9 7 4 1 5 6 0.11504338563864754 
10 9 7 4 1 11 8 2 5 6 0.00976826353513971 
10 3 6 4 7 0.2761872596903231 
10 3 9 7 0.24004988049464815 
10 9 7 0.48376285981502876 
10 3 6 4 1 11 8 0.19400135092998927 
10 3 6 5 1 11 8 0.01953652707055109 
10 3 6 5 2 8 0.302699262184431 
10 9 3 6 5 2 8 0.20645848487997354 
10 9 7 4 1 11 8 0.2773043749350551 
10 3 6 4 7 9 0.026940662994905107 
10 3 6 5 2 8 11 1 4 7 9 0.019536527070561527 
10 3 9 0.24004988049464815 
10 9 0.7134729294398852 
10 3 6 4 1 11 0.33346539540675224 
10 3 6 5 1 11 0.019536527070557974 
10 3 6 5 2 8 11 0.16323521770766114 
10 9 3 6 5 2 8 11 0.20645848487997354 
10 9 7 4 1 11 0.2773043749350551 
11 1 0 0.8568728566975519 
11 8 2 5 6 4 1 0 0.13528785202121255 
11 8 2 5 1 0 0.007839291281235583 
11 1 0.8568728566975518 
11 8 2 5 6 4 1 0.1352878520212126 
11 8 2 5 1 0.007839291281235583 
11 1 4 6 5 2 0.27892808895354193 
11 8 2 0.7210719110464581 
11 1 4 6 3 0.3530019224773102 
11 1 4 7 9 10 3 0.1947937233710954 
11 1 4 7 9 3 0.0825106515639597 
11 8 2 5 6 3 0.3696937025876347 
11 1 4 0.6498428244829237 
11 8 2 5 6 3 9 7 4 0.20703003221462804 
11 8 2 5 6 4 0.1352878520212126 
11 8 2 5 1 4 0.00783929128123556 
11 1 4 6 5 0.2789280889535434 
11 1 5 0.13457991270920394 
11 8 2 5 0.5864919983372526 
11 1 4 6 0.438363815857832 
11 1 4 7 9 3 6 0.04759430531019525 
11 1 5 6 0.13457991270920394 
11 8 2 5 6 0.3794619661227687 
11 1 4 6 3 9 7 0.07681466278698879 
11 1 4 7 0.5534916346253779 
11 1 5 6 3 9 7 0.019536527070557086 
11 8 2 5 6 3 9 7 0.35015717551707615 
11 1 4 6 5 2 8 0.1394640444767702 
11 8 0.8605359555232298 
11 1 4 6 3 9 0.3260612594824024 
11 1 4 7 9 0.32378156500052135 
11 8 2 5 6 3 9 0.12044710589221963 
11 8 2 5 6 3 10 9 0.2297100696248566 
11 1 4 6 3 9 10 0.20645848487997354 
11 1 4 6 3 10 0.14654343759733668 
11 1 4 7 9 10 0.2773043749350551 
11 8 2 5 6 3 10 0.3696937025876347 
