1.0
0.0
0.0
0.0
0.0
0.0
0.0
0.0
0.0
0.0
0.0
0.0
0.0
0.0
0.0
0.0
0.0
0.0
0.0
0.0
0.0
0.0
0.0
0.0
0.0
0.0
0.0
0.0
0.0
0.0
1.0
0.4142159409747529
0.007839291281235583
0.5779447677440115
0.0
0.0
0.0
0.0
0.0
0.4142159409747529
0.0
0.0
0.0
0.0
0.0
0.0
0.0
0.0
0.0
0.42205523225598857
0.5779447677440115
0.0
0.0
0.0
0.0
0.0
0.414215940974753
0.0
0.5779447677440115
0.0
1.0
0.7460576223630181
0.02737581835179224
0.22656655928518968
0.22656655928518968
0.0
0.0
0.0
0.0
0.468753247427963
0.2773043749350551
0.2539423776369819
0.2773043749350551
0.0
0.1947937233710954
0.0
0.0
0.0
0.0
0.0
0.22656655928518968
0.7226956250649449
0.08251065156395972
0.1947937233710954
0.0
0.0
0.0
0.0
0.22656655928518968
0.0
1.0
0.7832017042502348
0.0
0.21679829574976517
0.21679829574976517
0.0
0.0
0.2167982957497652
0.0
0.0
0.0
0.21679829574976517
0.0
0.0
0.0
0.0
0.0
0.0
0.0
0.0
0.21679829574976517
0.2167982957497652
0.0
0.0
0.0
0.2167982957497652
0.0
0.2167982957497652
0.21679829574976517
0.0
1.0
0.4142159409747503
0.14241920399043953
0.4433648550348102
0.4433648550348102
0.0
0.0
0.0
0.0
0.4142159409747503
0.0
0.0
0.0
0.0
0.0
0.0
0.0
0.0
0.0
0.0
0.4433648550348102
0.0
0.0
0.0
0.0
0.0
0.4142159409747503
0.0
0.4433648550348102
0.0
1.0
0.6212459731892375
0.14241920399043953
0.23633482282032303
0.23633482282032303
0.0
0.04759430531019859
0.0
0.0
0.5736516678790389
0.04759430531019859
0.37875402681076253
0.04759430531019859
0.0
0.0
0.0
0.0
0.0
0.0
0.0
0.23633482282032303
0.0
0.04759430531019859
0.0
0.0
0.0
0.0
0.0
0.23633482282032303
0.0
1.0
0.7655941494335802
0.017607554816655165
0.21679829574976467
0.21679829574976467
0.0
0.0
0.44650836537462146
0.0
0.21210251480820166
0.5534916346253785
0.23440585056641983
0.0
0.0
0.0
0.0
0.0
0.0
0.0
0.0
0.21679829574976467
0.44650836537462146
0.0
0.0
0.0
0.0
0.0
0.44650836537462146
0.21679829574976467
0.0
1.0
0.27475189649798426
0.0
0.7252481035020157
0.0
0.27475189649798426
0.0
0.0
0.0
0.27475189649798426
0.0
0.0
0.0
0.0
0.0
0.0
0.0
0.0
0.0
0.27475189649798426
0.0
0.0
0.0
0.0
0.0
0.0
0.27475189649798426
0.0
0.7252481035020157
0.0
1.0
0.7655941494335797
0.02737581835179224
0.20703003221462804
0.20703003221462804
0.0
0.0
0.446508365374622
0.22971006962485602
0.44181258443305776
0.32378156500052196
0.23440585056642027
0.32378156500052196
0.0
0.0
0.0
0.0
0.0
0.0
0.0
0.20703003221462804
0.676218434999478
0.0
0.0
0.0
0.0
0.0
0.0
0.20703003221462804
0.22971006962485602
1.0
0.7460576223630181
0.02737581835179224
0.22656655928518968
0.22656655928518968
0.0
0.0
0.20645848487997354
0.5162371401849714
0.468753247427963
0.2773043749350551
0.2539423776369819
0.2773043749350551
0.0
0.48376285981502865
0.0
0.0
0.0
0.0
0.0
0.22656655928518968
0.7226956250649449
0.0
0.0
0.0
0.0
0.0
0.0
0.22656655928518968
0.0
1.0
0.12551958848607603
0.007839291281235583
0.8666411202326884
0.0
0.13335887976731164
0.0
0.0
0.0
0.12551958848607603
0.0
0.0
0.0
0.13335887976731164
0.0
0.0
0.0
0.0
0.0
0.13335887976731164
0.0
0.0
0.0
0.0
0.0
0.0
0.12551958848607606
0.0
0.0
0.0
0.0
0.0
0.0
0.0
0.0
0.0
0.0
0.0
0.0
0.0
0.0
0.0
0.0
0.0
0.0
1.0
0.0
0.0
0.0
0.0
0.0
0.0
0.0
0.0
0.0
0.0
0.0
0.0
0.0
0.0
0.0
0.414215940974753
0.0
0.585784059025247
0.0
0.0
0.0
0.0
0.0
0.414215940974753
0.0
0.0
0.0
0.0
0.0
0.0
0.0
0.0
0.0
0.414215940974753
0.585784059025247
0.0
0.0
0.0
0.0
0.0
0.414215940974753
0.0
0.585784059025247
0.0
0.0
0.7460576223630164
0.02737581835179224
0.22656655928519134
0.22656655928519134
0.0
0.0
0.0
0.0
0.46875324742796165
0.2773043749350548
0.2539423776369836
0.2773043749350548
0.0
0.19479372337109507
0.0
0.0
0.0
0.0
0.0
0.22656655928519134
0.7226956250649452
0.08251065156395972
0.19479372337109507
0.0
0.0
0.0
0.0
0.22656655928519134
0.0
0.0
0.78320170425023
0.0
0.21679829574977005
0.21679829574977005
0.0
0.0
0.21679829574977005
0.0
0.0
0.0
0.21679829574977005
0.0
0.0
0.0
0.0
0.0
0.0
0.0
0.0
0.21679829574977005
0.21679829574977005
0.0
0.0
0.0
0.21679829574977005
0.0
0.21679829574977005
0.21679829574977005
0.0
0.0
0.4142159409747511
0.1424192039904414
0.4433648550348075
0.4433648550348075
0.0
0.0
0.0
0.0
0.4142159409747511
0.0
0.0
0.0
0.0
0.0
0.0
0.0
0.0
0.0
0.0
0.4433648550348075
0.0
0.0
0.0
0.0
0.0
0.4142159409747511
0.0
0.4433648550348075
0.0
0.0
0.6212459731892375
0.14241920399043953
0.236334822820323
0.236334822820323
0.0
0.047594305310197704
0.0
0.0
0.5736516678790398
0.047594305310197704
0.37875402681076253
0.047594305310197704
0.0
0.0
0.0
0.0
0.0
0.0
0.0
0.236334822820323
0.0
0.047594305310197704
0.0
0.0
0.0
0.0
0.0
0.236334822820323
0.0
0.0
0.7655941494335796
0.017607554816655165
0.21679829574976522
0.21679829574976522
0.0
0.0
0.446508365374622
0.0
0.21210251480820166
0.553491634625378
0.23440585056642038
0.0
0.0
0.0
0.0
0.0
0.0
0.0
0.0
0.21679829574976522
0.446508365374622
0.0
0.0
0.0
0.0
0.0
0.446508365374622
0.21679829574976522
0.0
0.0
0.2747518964979828
0.007839291281233951
0.7174088122207832
0.0
0.28259118777921677
0.0
0.0
0.0
0.2747518964979828
0.0
0.0
0.0
0.0
0.0
0.0
0.0
0.0
0.0
0.28259118777921677
0.0
0.0
0.0
0.0
0.0
0.0
0.2747518964979828
0.0
0.7174088122207832
0.0
0.0
0.7655941494335747
0.02737581835179224
0.20703003221463304
0.20703003221463304
0.0
0.0
0.446508365374622
0.2297100696248566
0.4418125844330534
0.32378156500052135
0.23440585056642527
0.32378156500052135
0.0
0.0
0.0
0.0
0.0
0.0
0.0
0.20703003221463304
0.6762184349994786
0.0
0.0
0.0
0.0
0.0
0.0
0.20703003221463304
0.2297100696248566
0.0
0.7460576223630164
0.02737581835179224
0.22656655928519134
0.22656655928519134
0.0
0.0
0.20645848487997864
0.5162371401849714
0.4687532474279664
0.27730437493505
0.2539423776369836
0.27730437493505
0.0
0.48376285981502865
0.0
0.0
0.0
0.0
0.0
0.22656655928519134
0.72269562506495
0.0
0.0
0.0
0.0
0.0
0.0
0.22656655928519134
0.0
0.0
0.13528785202121252
0.007839291281235583
0.8568728566975519
0.0
0.14312714330244813
0.0
0.0
0.0
0.13528785202121252
0.0
0.0
0.0
0.14312714330244813
0.0
0.0
0.0
0.0
0.0
0.14312714330244813
0.0
0.0
0.0
0.0
0.0
0.0
0.13528785202121255
0.0
0.0
0.0
0.0
0.0
0.0
0.0
0.4220552322559885
0.5779447677440115
0.0
0.0
0.0
0.0
0.0
0.41421594097475295
0.0
0.5779447677440115
0.0
1.0
0.4142159409747529
0.007839291281235583
0.5779447677440115
0.0
0.0
0.0
0.0
0.0
0.41421594097475606
0.0
0.0
0.0
0.0
0.0
0.0
0.0
0.0
0.0
0.4220552322559885
0.5779447677440115
0.0
0.0
0.0
0.0
0.0
0.41421594097475295
0.0
0.5779447677440115
0.0
0.0
0.4142159409747529
0.007839291281235583
0.5779447677440115
0.0
0.0
0.0
0.0
0.0
0.41421594097475606
0.0
0.0
0.0
0.0
0.0
0.0
0.3318416813882725
0.019536527070551202
0.0
0.6486217915411763
0.3513782084588237
0.0
0.0
0.0
0.054537306453217416
0.2773043749350551
0.6681583186117275
0.2773043749350551
0.3513782084588237
0.1947937233710954
0.0
0.0
0.0
0.3513782084588237
0.0
0.0
0.7226956250649449
0.08251065156395972
0.1947937233710954
0.0
0.0
0.0
0.0
0.0
0.0
0.0
0.36898576327547883
0.0
0.0
0.6486217915411764
0.3513782084588236
0.0
0.2167982957497651
0.0
0.0
0.0
0.6310142367245212
0.0
0.3513782084588236
0.0
0.0
0.0
0.017607554816655213
0.3513782084588236
0.0
0.0
0.2167982957497651
0.0
0.0
0.41421594097475606
0.2167982957497651
0.0
0.2167982957497651
0.0
0.0
0.0
0.0
0.13457991270920394
0.0
0.865420087290796
0.134579912709204
0.0
0.0
0.0
0.0
0.0
0.0
0.0
0.134579912709204
0.0
0.0
0.0
0.0
0.134579912709204
0.0
0.0
0.0
0.0
0.0
0.0
0.0
0.0
0.0
0.0
0.0
0.0
0.2070300322144839
0.13457991270920733
0.0
0.6583900550763088
0.34160994492369123
0.04759430531019529
0.0
0.0
0.15943572690428862
0.04759430531019529
0.7929699677855161
0.04759430531019529
0.34160994492369123
0.0
0.0
0.0
0.0
0.34160994492369123
0.0
0.0
0.0
0.04759430531019529
0.0
0.0
0.0
0.0
0.0
0.0
0.0
0.0
0.3513782084588237
0.0
0.0
0.6486217915411763
0.3513782084588237
0.0
0.44650836537462213
0.0
0.0
0.5534916346253779
0.6486217915411763
0.0
0.3513782084588237
0.0
0.0
0.0
0.0
0.3513782084588237
0.0
0.0
0.44650836537462213
0.0
0.0
0.20211342616655414
0.0
0.0
0.44650836537462213
0.0
0.0
0.0
0.0
0.0
0.1394640444767718
0.1394640444767718
0.8605359555232281
0.0
0.0
0.0
0.0
0.0
0.1394640444767718
0.0
0.0
0.0
0.0
0.1394640444767718
0.0
0.0
0.0
0.0
0.0
0.0
0.0
0.1394640444767718
0.0
0.0
0.0
0.1394640444767718
0.0
0.0
0.35137820845882367
0.0
0.0
0.6486217915411763
0.35137820845882367
0.0
0.446508365374622
0.22971006962485657
0.02759664345830226
0.3237815650005214
0.6486217915411763
0.3237815650005214
0.35137820845882367
0.0
0.0
0.0
0.0
0.35137820845882367
0.0
0.0
0.6762184349994786
0.0
0.0
0.0
0.0
0.0
0.0
0.0
0.22971006962485657
0.0
0.3513782084588237
0.0
0.0
0.6486217915411763
0.3513782084588237
0.0
0.20645848487997354
0.5162371401849714
0.07407383352376862
0.2773043749350551
0.6486217915411763
0.2773043749350551
0.3513782084588237
0.48376285981502865
0.0
0.0
0.0
0.3513782084588237
0.0
0.0
0.7226956250649449
0.0
0.0
0.0
0.0
0.0
0.0
0.0
0.0
0.0
0.0
0.0
0.278928088953542
0.27892808895354193
0.7210719110464581
0.0
0.0
0.0
0.0
0.0
0.27892808895354193
0.0
0.7210719110464581
0.0
0.0
0.278928088953542
0.0
0.0
0.0
0.0
0.0
0.0
0.0
0.278928088953542
0.0
0.0
0.0
0.0
0.0
0.0
0.0
0.0
0.0
0.0
0.2265665592851878
0.7226956250649447
0.08251065156395972
0.19479372337109563
0.0
0.0
0.0
0.0
0.2265665592851878
0.0
1.0
0.74605762236302
0.02737581835179224
0.2265665592851878
0.2265665592851878
0.0
0.0
0.0
0.0
0.46875324742796465
0.27730437493505533
0.25394237763698
0.27730437493505533
0.0
0.19479372337109563
0.0
0.0
0.0
0.0
0.0
0.22656655928518776
0.7226956250649447
0.08251065156395972
0.19479372337109563
0.0
0.0
0.0
0.0
0.22656655928518776
0.0
0.0
0.74605762236302
0.027375818351792258
0.22656655928518776
0.22656655928518776
0.0
0.0
0.0
0.0
0.46875324742796465
0.27730437493505533
0.25394237763698
0.27730437493505533
0.0
0.19479372337109563
0.0
0.0
0.0
0.3513782084588237
0.0
0.0
0.7226956250649447
0.08251065156395972
0.19479372337109563
0.0
0.0
0.0
0.0
0.0
0.0
0.0
0.3318416813882725
0.019536527070551202
0.0
0.6486217915411763
0.3513782084588237
0.0
0.0
0.0
0.054537306453217194
0.27730437493505533
0.6681583186117275
0.27730437493505533
0.3513782084588237
0.19479372337109563
0.0
0.03714408188721019
0.0
0.0
0.0
0.009768263535417992
0.50589732931518
0.2993089473137277
0.19479372337109227
0.0
0.0
0.0
0.0
0.009768263535417992
0.0
0.0
0.0
0.02737581835179224
0.009768263535417992
0.009768263535417992
0.0
0.0
0.0
0.0
0.4687532474279698
0.49410267068481994
0.03714408188721023
0.49410267068481994
0.0
0.19479372337109227
0.0
0.0
0.11504338563864754
0.2167982957496276
0.2167982957496276
0.0
0.7226956250649447
0.08251065156395972
0.19479372337109563
0.0
0.0
0.0
0.0
0.0
0.0
0.0
0.33184168138827513
0.0
0.0
0.0
0.2167982957496276
0.0
0.0
0.0
0.0545373064532198
0.27730437493505533
0.6681583186117248
0.27730437493505533
0.2167982957496276
0.19479372337109563
0.0
0.0
0.11504338563864754
0.009768263535140043
0.009768263535140043
0.0
0.7702899303751433
0.03491634625376447
0.19479372337109227
0.10489842045106916
0.0
0.12481164917378758
0.0
0.0
0.0
0.0
0.12481164917378758
0.0
0.0
0.0
0.009768263535140043
0.0
0.0
0.0
0.0
0.22971006962485674
0.0
0.22971006962485674
0.009768263535140043
0.19479372337109227
0.0
0.0
0.0
0.0
0.0
0.0
0.2761872596903232
0.5485555440091429
0.17525719630053394
0.0
0.2761872596903232
0.0
0.0
0.0
0.0
0.0
0.0
0.0
0.0
0.0
0.0
0.0
0.0
0.0
0.2761872596903232
0.0
0.0
0.7238127403096768
0.0
0.17525719630053394
0.0
0.0
0.0
0.49084225293559547
0.0
0.5091577470644045
0.7226956250649447
0.08251065156395972
0.19479372337109563
0.0
0.0
0.0
0.0
0.0
0.0
0.0
0.4713057258650444
0.01953652707055109
0.0
0.5091577470644045
0.0
0.0
0.0
0.0
0.19400135092998905
0.27730437493505533
0.5286942741349556
0.27730437493505533
0.49084225293559547
0.19479372337109563
0.0
0.0
0.0
0.0
0.0
0.0
0.04647719006546669
0.5290190169385844
0.42450379299594887
0.0
0.04647719006546669
0.0
0.04647719006546669
0.0
0.0
0.0
0.0
0.0
0.0
0.0
0.0
0.0
0.0
0.0
0.04647719006546669
0.0
0.0
0.0
0.0
0.42450379299594887
0.0
0.0
0.0
0.0
0.0
0.0
0.0
0.2889691364439363
0.7110308635560637
0.0
0.0
0.0
0.0
0.0
0.2889691364439363
0.0
0.0
0.0
0.0
0.0
0.0
0.0
0.0
0.0
0.0
0.0
0.0
0.0
0.0
0.0
0.0
0.0
0.0
0.6303062974123657
0.0
0.36969370258763434
0.7226956250649447
0.08251065156395972
0.19479372337109563
0.0
0.0
0.0
0.0
0.36969370258763434
0.0
0.0
0.6107697703418073
0.019536527070558307
0.0
0.36969370258763434
0.0
0.0
0.0
0.0
0.333465395406752
0.27730437493505533
0.38923022965819265
0.27730437493505533
0.0
0.19479372337109563
0.0
0.0
0.0
0.0
0.0
0.2167982957497646
0.2167982957497646
0.0
0.0
0.0
0.2167982957497646
0.0
0.2167982957497646
0.2167982957497646
0.0
1.0
0.7832017042502354
0.0
0.2167982957497646
0.2167982957497646
0.0
0.0
0.2167982957497646
0.0
0.0
0.0
0.2167982957497646
0.0
0.0
0.0
0.0
0.0
0.0
0.0
0.0
0.2167982957497646
0.21679829574976464
0.0
0.0
0.0
0.21679829574976464
0.0
0.21679829574976464
0.2167982957497646
0.0
0.0
0.7832017042502354
0.0
0.2167982957497646
0.2167982957497646
0.0
0.0
0.21679829574976464
0.0
0.0
0.0
0.2167982957497646
0.0
0.0
0.0
0.0
0.0
0.007839291281235583
0.36114647199424393
0.0
0.0
0.21679829574976728
0.0
0.0
0.41421594097475317
0.21679829574976728
0.0
0.21679829574976728
0.0
0.0
0.0
0.3689857632754795
0.0
0.0
0.6388535280057561
0.36114647199424393
0.0
0.21679829574976728
0.0
0.0
0.0
0.6310142367245205
0.0
0.36114647199424393
0.0
0.0
0.0
0.02737581835179224
0.009768263535418393
0.009768263535418393
0.0
0.0
0.0
0.0
0.46875324742796964
0.4941026706848197
0.037144081887210634
0.4941026706848197
0.0
0.19479372337109202
0.0
0.037144081887210634
0.0
0.0
0.0
0.009768263535418393
0.5058973293151803
0.2993089473137277
0.19479372337109202
0.0
0.0
0.0
0.0
0.009768263535418393
0.0
0.0
0.0
0.14241920399043978
0.22656655928504238
0.22656655928504238
0.0
0.21679829574976464
0.0
0.0
0.4142159409747532
0.21679829574976464
0.0
0.21679829574976464
0.0
0.019536527070557724
0.0
0.36898576327548216
0.0
0.0
0.0
0.22656655928504238
0.0
0.19726176867920692
0.019536527070557724
0.0
0.0
0.631014236724518
0.0
0.22656655928504238
0.0
0.0
0.0
0.14241920399043978
0.019536527070555143
0.019536527070555143
0.0
0.2643926010599632
0.0
0.0
0.5736516678790419
0.2643926010599632
0.16195573106099492
0.2643926010599632
0.0
0.0
0.0
0.16195573106099492
0.0
0.0
0.0
0.019536527070555143
0.0
0.2643926010599632
0.0
0.0
0.0
0.0
0.0
0.019536527070555143
0.0
0.0
0.0
0.017607554816655165
0.0
0.0
0.0
0.0
0.22971006962485682
0.0
0.21210251480820166
0.7702899303751436
0.017607554816655165
0.0
0.0
0.0
0.0
0.01760755481665477
0.0
0.0
0.0
0.0
0.22971006962485682
0.0
0.0
0.0
0.0
0.0
0.22971006962485682
0.0
0.0
0.0
0.0
0.007839291281235583
0.5103787800061536
0.0
0.48962121999384645
0.20703003221462657
0.0
0.0
0.27475189649798426
0.20703003221462657
0.0
0.20703003221462657
0.0
0.0
0.0
0.5182180712873892
0.0
0.0
0.48962121999384645
0.0
0.0
0.20703003221462657
0.0
0.0
0.0
0.4817819287126109
0.0
0.5103787800061536
0.0
0.0
0.0
0.0
0.0
0.0
0.0
0.0
0.2492465966954151
0.19256598773764622
0.4418125844330613
0.5581874155669386
0.0
0.5581874155669386
0.0
0.0
0.0
0.0
0.0
0.0
0.0
0.0
0.4418125844330613
0.0
0.0
0.0
0.0
0.0
0.0
0.0
0.19256598773764622
0.0
0.0
0.02737581835179224
0.009768263535421557
0.009768263535421557
0.0
0.0
0.0
0.5162371401849715
0.4687532474279664
0.4941026706848198
0.0371440818872138
0.4941026706848198
0.0
0.4837628598150286
0.0
0.0371440818872138
0.0
0.0
0.0
0.009768263535421557
0.5058973293151803
0.010339810869791188
0.0
0.0
0.0
0.0
0.0
0.009768263535421557
0.0
0.0
0.0
0.0
0.6498428244829237
0.0
0.35015717551707626
0.21679829574976328
0.0
0.0
0.1352878520212126
0.21679829574976328
0.0
0.21679829574976328
0.35015717551707626
0.0
0.0
0.6479138522290241
0.0019289722538996523
0.0
0.35015717551707626
0.0
0.0
0.21679829574976328
0.0
0.0
0.0
0.3520861477709759
0.0
0.0
0.0
0.0
0.0
0.0
0.0
0.0
0.4433648550348068
0.0
0.0
0.0
0.0
0.0
0.41421594097475367
0.0
0.4433648550348068
0.0
1.0
0.4142159409747536
0.14241920399043953
0.4433648550348068
0.4433648550348068
0.0
0.0
0.0
0.0
0.41421594097475023
0.0
0.0
0.0
0.0
0.0
0.0
0.0
0.0
0.0
0.0
0.44336485503481027
0.0
0.0
0.0
0.0
0.0
0.41421594097475023
0.0
0.44336485503481027
0.0
0.0
0.41421594097475023
0.14241920399043953
0.44336485503481027
0.44336485503481027
0.0
0.0
0.0
0.0
0.41421594097475023
0.0
0.0
0.0
0.0
0.0
0.0
0.0
0.0
0.13457991270920455
0.0
0.0
0.0
0.0
0.0
0.0
0.0
0.0
0.0
0.0
0.0
0.0
0.0
0.13457991270920394
0.0
0.8654200872907954
0.13457991270920455
0.0
0.0
0.0
0.0
0.0
0.0
0.0
0.13457991270920455
0.0
0.0
0.3318416813885573
0.0
0.0
0.0
0.21679829574990978
0.0
0.0
0.0
0.05453730645350219
0.2773043749350551
0.6681583186114427
0.2773043749350551
0.21679829574990978
0.1947937233710954
0.0
0.0
0.11504338563864754
0.21679829574990978
0.21679829574990978
0.0
0.7226956250649449
0.08251065156395972
0.1947937233710954
0.0
0.0
0.0
0.0
0.0
0.0
0.0
0.36898576327548177
0.0
0.0
0.0
0.22656655928504224
0.0
0.19726176867920692
0.019536527070561027
0.0
0.0
0.6310142367245183
0.0
0.22656655928504224
0.0
0.0
0.0
0.14241920399043953
0.22656655928504224
0.22656655928504224
0.0
0.21679829574976794
0.0
0.0
0.41421594097475023
0.21679829574976794
0.0
0.21679829574976794
0.0
0.019536527070561027
0.0
0.20703003221448388
0.0
0.0
0.0
0.2070300322144839
0.04759430531019526
0.0
0.0
0.15943572690428862
0.04759430531019526
0.7929699677855161
0.04759430531019526
0.2070300322144839
0.0
0.0
0.0
0.0
0.2070300322144839
0.2070300322144839
0.0
0.0
0.04759430531019526
0.0
0.0
0.0
0.0
0.0
0.0
0.0
0.0
0.3513782084591095
0.0
0.0
0.0
0.22656655928532488
0.0
0.446508365374622
0.0
0.0
0.5534916346253779
0.6486217915408905
0.0
0.22656655928532488
0.0
0.0
0.0
0.12481164917378461
0.22656655928532488
0.22656655928532488
0.0
0.44650836537462213
0.0
0.0
0.20211342616626837
0.0
0.0
0.446508365374622
0.0
0.0
0.0
0.0
0.0
0.27404395718597563
0.0
0.7259560428140244
0.0
0.0
0.0
0.0
0.0
0.13946404447677163
0.0
0.0
0.0
0.0
0.1394640444767717
0.13457991270920394
0.0
0.7259560428140244
0.0
0.0
0.0
0.0
0.1394640444767717
0.0
0.0
0.0
0.27404395718597563
0.0
0.0
0.33184168138855724
0.0
0.0
0.0
0.21679829574990972
0.0
0.446508365374622
0.22164995323682074
0.0
0.33184168138855724
0.6681583186114427
0.33184168138855724
0.21679829574990972
0.0
0.0
0.0
0.11504338563864754
0.21679829574990972
0.21679829574990972
0.0
0.6681583186114428
0.0
0.0
0.0
0.0
0.0
0.0
0.0
0.22164995323682074
0.0
0.3318416813885573
0.0
0.0
0.0
0.21679829574990978
0.0
0.18692195780941234
0.5357736672555325
0.05453730645350219
0.2773043749350551
0.6681583186114427
0.2773043749350551
0.21679829574990978
0.46422633274446745
0.0
0.0
0.11504338563864754
0.21679829574990978
0.21679829574990978
0.0
0.7226956250649449
0.0
0.0
0.0
0.0
0.0
0.0
0.0
0.0
0.0
0.0
0.0
0.41350800166274615
0.0
0.5864919983372539
0.0
0.0
0.0
0.0
0.0
0.2789280889535422
0.0
0.5864919983372539
0.0
0.0
0.2789280889535422
0.13457991270920394
0.0
0.5864919983372539
0.0
0.0
0.0
0.0
0.2789280889535422
0.0
0.0
0.0
0.0
0.0
0.0
0.0
0.0
0.0
0.0
0.236334822820323
0.0
0.04759430531019525
0.0
0.0
0.0
0.0
0.0
0.236334822820323
0.0
1.0
0.6212459731892375
0.14241920399043953
0.236334822820323
0.236334822820323
0.0
0.04759430531019859
0.0
0.0
0.5736516678790389
0.04759430531019525
0.37875402681076253
0.04759430531019525
0.0
0.0
0.0
0.0
0.0
0.0
0.0
0.23633482282032262
0.0
0.04759430531019904
0.0
0.0
0.0
0.0
0.0
0.23633482282032262
0.0
0.0
0.6212459731892379
0.14241920399043953
0.23633482282032262
0.23633482282032262
0.0
0.04759430531019904
0.0
0.0
0.5736516678790389
0.04759430531019904
0.37875402681076215
0.04759430531019904
0.0
0.0
0.0
0.0
0.0
0.34160994492369123
0.0
0.0
0.0
0.047594305310198676
0.0
0.0
0.0
0.0
0.0
0.0
0.0
0.0
0.2070300322144873
0.13457991270920394
0.0
0.6583900550763088
0.34160994492369123
0.047594305310198676
0.0
0.0
0.15943572690428862
0.047594305310198676
0.7929699677855127
0.047594305310198676
0.34160994492369123
0.0
0.0
0.12481164917378758
0.0
0.0
0.0
0.009768263535140043
0.0
0.0
0.0
0.0
0.22971006962485674
0.0
0.22971006962485674
0.009768263535140043
0.19479372337109227
0.0
0.0
0.11504338563864754
0.009768263535140043
0.009768263535140043
0.0
0.7702899303751433
0.03491634625376447
0.19479372337109227
0.10489842045106916
0.0
0.12481164917378758
0.0
0.0
0.0
0.0
0.16195573106099787
0.0
0.0
0.0
0.019536527070558345
0.0
0.2643926010599632
0.0
0.0
0.0
0.0
0.0
0.019536527070558345
0.0
0.0
0.0
0.14241920399043953
0.019536527070558345
0.019536527070558345
0.0
0.2643926010599632
0.0
0.0
0.5736516678790389
0.2643926010599632
0.16195573106099787
0.2643926010599632
0.0
0.0
0.0
0.0
0.0
0.2070300322144845
0.2070300322144845
0.0
0.0
0.047594305310198586
0.0
0.0
0.0
0.0
0.0
0.0
0.0
0.0
0.2070300322144845
0.0
0.0
0.0
0.2070300322144845
0.047594305310198586
0.0
0.0
0.1594357269042859
0.047594305310198586
0.7929699677855155
0.047594305310198586
0.2070300322144845
0.0
0.0
0.12481164917378461
0.0
0.0
0.0
0.0
0.0
0.5136391977553784
0.0
0.0
0.4863608022446218
0.0
0.0
0.0
0.0
0.0
0.0
0.12481164917378461
0.0
0.0
0.0
0.5136391977553781
0.0
0.0
0.3615491530708372
0.0
0.12481164917378461
0.5136391977553784
0.0
0.0
0.0
0.0
0.0
0.481073989400463
0.0
0.518926010599537
0.0
0.04759430531019525
0.0
0.0
0.0
0.0
0.0
0.0
0.0
0.0
0.3464940766912591
0.13457991270920394
0.0
0.518926010599537
0.0
0.04759430531019865
0.0
0.0
0.29889977138106044
0.04759430531019525
0.653505923308741
0.04759430531019525
0.481073989400463
0.0
0.0
0.12481164917378759
0.0
0.0
0.0
0.009768263535140057
0.0
0.5136391977553784
0.22971006962485652
0.0
0.25665073261976507
0.0
0.25665073261976507
0.009768263535140057
0.0
0.0
0.0
0.11504338563864754
0.009768263535140057
0.009768263535140057
0.0
0.7433492673802349
0.0
0.0
0.13183908344597747
0.0
0.12481164917378759
0.0
0.0
0.22971006962485652
0.0
0.12481164917378747
0.0
0.0
0.0
0.009768263535139932
0.0
0.254052790190172
0.5162371401849714
0.0
0.22971006962485663
0.0
0.22971006962485663
0.009768263535139932
0.48376285981502865
0.0
0.0
0.11504338563864754
0.009768263535139932
0.009768263535139932
0.0
0.7702899303751434
0.0
0.0
0.10489842045106916
0.0
0.12481164917378747
0.0
0.0
0.0
0.0
0.0
0.0
0.6205380338772308
0.0
0.37946196612276917
0.0
0.04759430531019525
0.0
0.0
0.0
0.0
0.0
0.37946196612276917
0.0
0.0
0.48595812116802684
0.13457991270920394
0.0
0.37946196612276917
0.0
0.047594305310198586
0.0
0.0
0.43836381585782824
0.047594305310198586
0.5140418788319732
0.047594305310198586
0.0
0.0
0.0
0.0
0.0
0.0
0.0
0.21679829574976767
0.446508365374622
0.0
0.0
0.0
0.0
0.0
0.446508365374622
0.21679829574976767
0.0
1.0
0.7655941494335772
0.017607554816655165
0.21679829574976767
0.21679829574976767
0.0
0.0
0.446508365374622
0.0
0.2121025148081992
0.553491634625378
0.23440585056642282
0.0
0.0
0.0
0.0
0.0
0.0
0.0
0.0
0.21679829574976756
0.4465083653746219
0.0
0.0
0.0
0.0
0.0
0.4465083653746219
0.21679829574976756
0.0
0.0
0.7655941494335772
0.017607554816655165
0.21679829574976756
0.21679829574976756
0.0
0.0
0.4465083653746219
0.0
0.2121025148081992
0.553491634625378
0.2344058505664227
0.0
0.0
0.0
0.0
0.0
0.0
0.3513782084588236
0.0
0.0
0.446508365374622
0.0
0.0
0.20211342616655437
0.0
0.0
0.446508365374622
0.0
0.0
0.0
0.3513782084588236
0.0
0.0
0.6486217915411764
0.3513782084588236
0.0
0.446508365374622
0.0
0.0
0.553491634625378
0.6486217915411764
0.0
0.3513782084588236
0.0
0.0
0.0
0.009768263535137078
0.009768263535421292
0.009768263535421292
0.0
0.0
0.0
0.0
0.25665073261976484
0.0
0.01953652707055837
0.7238127403096768
0.0
0.19479372337109513
0.0
0.01953652707055837
0.0
0.0
0.0
0.009768263535421292
0.2761872596903232
0.5290190169385817
0.19479372337109513
0.0
0.2761872596903232
0.0
0.0
0.009768263535421292
0.0
0.0
0.017607554816655165
0.0
0.0
0.0
0.0
0.22971006962485682
0.0
0.0
0.0
0.0
0.0
0.22971006962485682
0.0
0.0
0.0
0.0
0.017607554816655165
0.0
0.0
0.0
0.0
0.22971006962485682
0.0
0.21210251480820166
0.7702899303751432
0.017607554816655165
0.0
0.0
0.0
0.0
0.0
0.12481164917378458
0.22656655928504282
0.22656655928504282
0.0
0.446508365374622
0.0
0.0
0.2021134261665506
0.0
0.0
0.446508365374622
0.0
0.0
0.0
0.3513782084588274
0.0
0.0
0.0
0.22656655928504282
0.0
0.446508365374622
0.0
0.0
0.553491634625378
0.6486217915411726
0.0
0.22656655928504282
0.0
0.0
0.0
0.1248116491737846
0.01953652707055522
0.01953652707055522
0.0
0.4941026706848262
0.0
0.0
0.36154915307083396
0.0
0.14434817624433982
0.4941026706848262
0.0
0.0
0.0
0.14434817624433982
0.0
0.0
0.0
0.01953652707055522
0.0
0.4941026706848262
0.0
0.0
0.5058973293151738
0.0
0.0
0.01953652707055522
0.0
0.0
0.0
0.0
0.49084225293559536
0.0
0.5091577470644046
0.446508365374622
0.0
0.0
0.06264938168978262
0.0
0.0
0.446508365374622
0.0
0.0
0.0
0.49084225293559536
0.0
0.0
0.5091577470644046
0.0
0.0
0.446508365374622
0.0
0.0
0.553491634625378
0.5091577470644046
0.0
0.49084225293559536
0.0
0.0
0.0
0.0
0.0
0.0
0.0
0.0
0.0
0.22971006962485652
0.22971006962485652
0.0
0.0
0.7702899303751435
0.0
0.0
0.0
0.0
0.0
0.0
0.0
0.0
0.22971006962485652
0.0
0.0
0.0
0.22971006962485652
0.0
0.0
0.0
0.22971006962485652
0.0
0.0
0.009768263535137078
0.009768263535421063
0.009768263535421063
0.0
0.0
0.0
0.5162371401849711
0.25665073261976484
0.0
0.01953652707055814
0.723812740309677
0.0
0.48376285981502887
0.0
0.01953652707055814
0.0
0.0
0.0
0.009768263535421063
0.276187259690323
0.24004988049464815
0.0
0.0
0.276187259690323
0.0
0.0
0.009768263535421063
0.0
0.0
0.0
0.0
0.6498428244829237
0.0
0.35015717551707626
0.4465083653746221
0.0
0.0
0.0
0.0
0.0
0.4465083653746221
0.35015717551707626
0.0
0.0
0.624395978385033
0.02544684609789075
0.0
0.35015717551707626
0.0
0.0
0.4465083653746221
0.0
0.07090434375965504
0.553491634625378
0.37560402161496703
0.0
0.0
0.0
0.0
0.0
0.0
0.0
0.28259118777921677
0.0
0.0
0.0
0.0
0.0
0.0
0.2747518964979812
0.0
0.7174088122207832
0.0
1.0
0.27475189649798115
0.007839291281235583
0.7174088122207832
0.0
0.28259118777921677
0.0
0.0
0.0
0.27475189649798115
0.0
0.0
0.0
0.0
0.0
0.0
0.0
0.0
0.0
0.28259118777921843
0.0
0.0
0.0
0.0
0.0
0.0
0.2747518964979829
0.0
0.7174088122207816
0.0
0.0
0.2747518964979828
0.007839291281235583
0.7174088122207816
0.0
0.28259118777921843
0.0
0.0
0.0
0.2747518964979828
0.0
0.0
0.0
0.0
0.0
0.0
0.13946404447677185
0.0
0.0
0.0
0.0
0.0
0.0
0.0
0.13946404447677185
0.0
0.0
0.0
0.13946404447677185
0.0
0.0
0.0
0.0
0.13946404447677185
0.13946404447677185
0.8605359555232281
0.0
0.0
0.0
0.0
0.0
0.13946404447677185
0.0
0.0
0.0
0.0
0.4713057258650371
0.009768263535420096
0.0
0.5189260105995428
0.0
0.0
0.0
0.0
0.194001350929982
0.2773043749350551
0.528694274134963
0.2773043749350551
0.4810739894004572
0.1947937233710954
0.0
0.0
0.0
0.4810739894004572
0.0
0.5189260105995428
0.7226956250649449
0.08251065156395972
0.1947937233710954
0.0
0.0
0.0
0.0
0.0
0.0
0.0
0.5084498077522506
0.0
0.0
0.49155019224774943
0.0
0.0
0.2167982957497652
0.0
0.0
0.0
0.49155019224774943
0.0
0.5084498077522506
0.0
0.0
0.0
0.0
0.5084498077522506
0.0
0.49155019224774943
0.2167982957497652
0.0
0.0
0.27475189649798426
0.2167982957497652
0.0
0.2167982957497652
0.0
0.0
0.0
0.1394640444767717
0.13457991270920394
0.0
0.7259560428140244
0.0
0.0
0.0
0.0
0.1394640444767717
0.0
0.0
0.0
0.27404395718597563
0.0
0.0
0.0
0.0
0.27404395718597563
0.0
0.7259560428140244
0.0
0.0
0.0
0.0
0.0
0.1394640444767717
0.0
0.0
0.0
0.0
0.3464940766912589
0.13457991270920394
0.0
0.5189260105995371
0.0
0.04759430531019848
0.0
0.0
0.29889977138106044
0.04759430531019848
0.653505923308741
0.04759430531019848
0.48107398940046286
0.0
0.0
0.0
0.0
0.48107398940046286
0.0
0.5189260105995371
0.0
0.04759430531019848
0.0
0.0
0.0
0.0
0.0
0.0
0.0
0.0
0.49084225293559547
0.0
0.0
0.5091577470644045
0.0
0.0
0.446508365374622
0.0
0.0
0.5534916346253779
0.5091577470644045
0.0
0.49084225293559547
0.0
0.0
0.0
0.0
0.49084225293559547
0.0
0.5091577470644045
0.44650836537462213
0.0
0.0
0.0626493816897824
0.0
0.0
0.446508365374622
0.0
0.0
0.0
0.47130572586504427
0.029304790605971354
0.0
0.4993894835289844
0.0
0.0
0.446508365374622
0.22971006962485663
0.14752416086452286
0.3237815650005214
0.5286942741349557
0.3237815650005214
0.5006105164710156
0.0
0.0
0.0
0.0
0.5006105164710156
0.0
0.4993894835289844
0.6762184349994786
0.0
0.0
0.0
0.0
0.0
0.0
0.0
0.22971006962485663
0.0
0.5006105164710156
0.0
0.0
0.4993894835289844
0.0
0.0
0.20645848487997343
0.5162371401849715
0.2233061415359605
0.2773043749350551
0.4993894835289844
0.2773043749350551
0.5006105164710156
0.48376285981502853
0.0
0.0
0.0
0.5006105164710156
0.0
0.4993894835289844
0.7226956250649449
0.0
0.0
0.0
0.0
0.0
0.0
0.0
0.0
0.0
0.0
0.0
0.1394640444767702
0.1394640444767702
0.0
0.0
0.0
0.0
0.0
0.0
0.1394640444767702
0.0
0.8605359555232298
0.0
0.0
0.1394640444767702
0.0
0.0
0.0
0.1394640444767702
0.0
0.0
0.0
0.1394640444767702
0.0
0.0
0.0
0.0
0.0
0.0
0.0
0.0
0.0
0.0
0.20703003221463048
0.6762184349994786
0.0
0.0
0.0
0.0
0.0
0.0
0.20703003221463048
0.22971006962485657
1.0
0.7655941494335773
0.02737581835179224
0.20703003221463048
0.20703003221463048
0.0
0.0
0.446508365374622
0.22971006962485657
0.4418125844330559
0.3237815650005214
0.2344058505664227
0.3237815650005214
0.0
0.0
0.0
0.0
0.0
0.0
0.0
0.20703003221463048
0.6762184349994779
0.0
0.0
0.0
0.0
0.0
0.0
0.20703003221463048
0.22971006962485585
0.0
0.7655941494335773
0.02737581835179224
0.20703003221463048
0.20703003221463048
0.0
0.0
0.446508365374622
0.22971006962485585
0.44181258443305516
0.32378156500052213
0.2344058505664227
0.32378156500052213
0.0
0.0
0.0
0.0
0.0
0.3513782084588236
0.0
0.0
0.6762184349994786
0.0
0.0
0.0
0.0
0.0
0.0
0.0
0.2297100696248566
0.0
0.32378156500052135
0.02759664345830226
0.0
0.6486217915411764
0.3513782084588236
0.0
0.446508365374622
0.2297100696248566
0.0
0.32378156500052135
0.6762184349994786
0.32378156500052135
0.3513782084588236
0.0
0.0
0.0
0.0
0.019536527070558345
0.019536527070558345
0.0
0.0
0.0
0.0
0.026940662994908323
0.0
0.019536527070558345
0.0
0.0
0.42450379299594887
0.0
0.019536527070558345
0.0
0.0
0.0
0.019536527070558345
0.04647719006546669
0.5290190169385844
0.42450379299594887
0.0
0.04647719006546667
0.0
0.04647719006546667
0.019536527070558345
0.0
0.0
0.01760755481665205
0.0
0.0
0.0
0.0
0.4594201392497133
0.0
0.0
0.0
0.0
0.0
0.0
0.0
0.2101735425542982
0.0
0.0
0.01760755481665205
0.0
0.0
0.0
0.0
0.2492465966954151
0.2101735425542982
0.4418125844330613
0.5405798607502866
0.01760755481665205
0.5405798607502866
0.0
0.0
0.0
0.0
0.11504338563864754
0.21679829574962495
0.21679829574962495
0.0
0.6681583186117275
0.0
0.0
0.0
0.0
0.0
0.0
0.0
0.2216499532371055
0.0
0.33184168138827247
0.0
0.0
0.0
0.21679829574962495
0.0
0.446508365374622
0.2216499532371055
0.0
0.33184168138827247
0.6681583186117275
0.33184168138827247
0.21679829574962495
0.0
0.0
0.0
0.11504338563864754
0.029304790605701084
0.029304790605701084
0.0
0.7238127403096739
0.0
0.0
0.13183908344597747
0.0
0.14434817624434862
0.0
0.0
0.2297100696248566
0.0
0.14434817624434862
0.0
0.0
0.0
0.029304790605701084
0.0
0.4941026706848173
0.2297100696248566
0.0
0.2761872596903261
0.0
0.2761872596903261
0.029304790605701084
0.0
0.0
0.0
0.0
0.0
0.0
0.0
0.22971006962485652
0.0
0.0
0.0
0.22971006962485652
0.0
0.0
0.0
0.22971006962485652
0.0
0.0
0.0
0.0
0.0
0.0
0.0
0.0
0.22971006962485652
0.22971006962485652
0.0
0.0
0.7702899303751435
0.0
0.0
0.0
0.0
0.0
0.49084225293559547
0.0
0.5091577470644045
0.6762184349994779
0.0
0.0
0.0
0.0
0.0
0.0
0.0
0.22971006962485585
0.0
0.4713057258650444
0.01953652707055109
0.0
0.5091577470644045
0.0
0.0
0.446508365374622
0.22971006962485585
0.14752416086452225
0.32378156500052213
0.5286942741349556
0.32378156500052213
0.49084225293559547
0.0
0.0
0.0
0.0
0.0
0.0
0.0
0.0
0.0
0.28652707056011484
0.04647719006546669
0.0
0.0
0.0
0.0
0.7134729294398852
0.0
0.0
0.0
0.0
0.0
0.0
0.04647719006546669
0.24004988049464815
0.0
0.0
0.04647719006546669
0.0
0.04647719006546669
0.0
0.0
0.0
0.0
0.0
0.6498428244829237
0.0
0.35015717551707626
0.6762184349994779
0.0
0.0
0.0
0.0
0.0
0.0
0.35015717551707626
0.22971006962485585
0.0
0.6303062974123657
0.019536527070558085
0.0
0.35015717551707626
0.0
0.0
0.446508365374622
0.22971006962485585
0.3065247324118435
0.32378156500052213
0.36969370258763434
0.32378156500052213
0.0
0.0
0.0
0.0
0.0
0.0
0.0
0.2265665592851889
0.7226956250649449
0.0
0.0
0.0
0.0
0.0
0.0
0.2265665592851889
0.0
1.0
0.7460576223630189
0.02737581835179224
0.2265665592851889
0.2265665592851889
0.0
0.0
0.20645848487997354
0.5162371401849714
0.46875324742796376
0.2773043749350551
0.25394237763698113
0.2773043749350551
0.0
0.48376285981502865
0.0
0.0
0.0
0.0
0.0
0.2265665592851889
0.7226956250649449
0.0
0.0
0.0
0.0
0.0
0.0
0.2265665592851889
0.0
0.0
0.7460576223630189
0.02737581835179224
0.2265665592851889
0.2265665592851889
0.0
0.0
0.20645848487997354
0.5162371401849714
0.46875324742796376
0.2773043749350551
0.25394237763698113
0.2773043749350551
0.0
0.48376285981502865
0.0
0.0
0.0
0.3513782084588236
0.0
0.0
0.6681583186117275
0.0
0.0
0.0
0.0
0.0
0.0
0.0
0.0
0.0
0.3318416813882725
0.01953652707055109
0.0
0.6486217915411764
0.3513782084588236
0.0
0.15192117842675612
0.5162371401849714
0.0
0.3318416813882725
0.6681583186117275
0.3318416813882725
0.3513782084588236
0.48376285981502865
0.0
0.0
0.0
0.0
0.0
0.0
0.0
0.0
0.0
0.0
0.0
0.0
0.0
0.0
0.0
0.0
0.0
0.0
0.0
0.0
0.0
0.0
0.2889691364439363
0.7110308635560637
0.0
0.0
0.0
0.0
0.0
0.2889691364439363
0.0
0.03714408188721023
0.0
0.0
0.0
0.00976826353541799
0.5058973293151767
0.010339810869794686
0.0
0.0
0.0
0.0
0.0
0.00976826353541799
0.0
0.0
0.0
0.02737581835179224
0.00976826353541799
0.00976826353541799
0.0
0.0
0.0
0.5162371401849714
0.4687532474279665
0.49410267068482333
0.03714408188721023
0.49410267068482333
0.0
0.48376285981502865
0.0
0.0
0.11504338563864754
0.21679829574962495
0.21679829574962495
0.0
0.7226956250649449
0.0
0.0
0.0
0.0
0.0
0.0
0.0
0.0
0.0
0.33184168138827247
0.0
0.0
0.0
0.21679829574962495
0.0
0.20645848487997354
0.5162371401849714
0.05453730645321736
0.2773043749350551
0.6681583186117275
0.2773043749350551
0.21679829574962495
0.48376285981502865
0.0
0.0
0.11504338563864754
0.00976826353513971
0.00976826353513971
0.0
0.7702899303751436
0.0
0.0
0.10489842045106916
0.0
0.12481164917378725
0.0
0.0
0.0
0.0
0.12481164917378725
0.0
0.0
0.0
0.00976826353513971
0.0
0.25405279019017224
0.5162371401849714
0.0
0.2297100696248564
0.0
0.2297100696248564
0.00976826353513971
0.48376285981502865
0.0
0.0
0.0
0.0
0.0
0.0
0.2761872596903231
0.24004988049464815
0.0
0.0
0.2761872596903231
0.0
0.0
0.0
0.0
0.0
0.0
0.0
0.0
0.0
0.0
0.0
0.0
0.5162371401849712
0.2761872596903231
0.0
0.0
0.7238127403096769
0.0
0.48376285981502876
0.0
0.0
0.0
0.49084225293559547
0.0
0.5091577470644045
0.7226956250649449
0.0
0.0
0.0
0.0
0.0
0.0
0.0
0.0
0.0
0.4713057258650444
0.01953652707055109
0.0
0.5091577470644045
0.0
0.0
0.20645848487997354
0.5162371401849714
0.19400135092998927
0.2773043749350551
0.5286942741349556
0.2773043749350551
0.49084225293559547
0.48376285981502865
0.0
0.019536527070561527
0.0
0.0
0.0
0.019536527070561527
0.04647719006546669
0.24004988049464815
0.0
0.0
0.046477190065466634
0.0
0.046477190065466634
0.019536527070561527
0.0
0.0
0.0
0.0
0.019536527070561527
0.019536527070561527
0.0
0.0
0.0
0.28652707056011484
0.026940662994905107
0.0
0.019536527070561527
0.0
0.0
0.7134729294398852
0.0
0.0
0.0
0.6303062974123653
0.0
0.3696937025876347
0.7226956250649449
0.0
0.0
0.0
0.0
0.0
0.0
0.3696937025876347
0.0
0.0
0.6107697703418073
0.019536527070557974
0.0
0.3696937025876347
0.0
0.0
0.20645848487997354
0.5162371401849714
0.33346539540675224
0.2773043749350551
0.38923022965819265
0.2773043749350551
0.0
0.48376285981502865
0.0
0.0
0.0
0.0
0.14312714330244813
0.0
0.0
0.0
0.0
0.0
0.0
0.13528785202121255
0.0
0.0
0.0
1.0
0.13528785202121255
0.007839291281235583
0.8568728566975519
0.0
0.14312714330244813
0.0
0.0
0.0
0.13528785202121255
0.0
0.0
0.0
0.14312714330244813
0.0
0.0
0.0
0.0
0.0
0.14312714330244825
0.0
0.0
0.0
0.0
0.0
0.0
0.13528785202121266
0.0
0.0
0.0
0.0
0.1352878520212126
0.007839291281235583
0.8568728566975518
0.0
0.14312714330244825
0.0
0.0
0.0
0.1352878520212126
0.0
0.0
0.0
0.14312714330244825
0.0
0.0
0.27892808895354193
0.0
0.0
0.0
0.0
0.0
0.0
0.0
0.27892808895354193
0.0
0.0
0.0
0.0
0.0
0.0
0.0
0.0
0.27892808895354193
0.278928088953542
0.7210719110464581
0.0
0.0
0.0
0.0
0.0
0.278928088953542
0.0
0.7210719110464581
0.0
0.0
0.6303062974123653
0.0
0.0
0.3696937025876347
0.0
0.0
0.0
0.0
0.3530019224773102
0.2773043749350551
0.3696937025876347
0.2773043749350551
0.0
0.1947937233710954
0.0
0.0
0.0
0.6303062974123653
0.0
0.3696937025876347
0.7226956250649449
0.08251065156395972
0.1947937233710954
0.0
0.0
0.0
0.0
0.3696937025876347
0.0
0.0
0.6576821157641594
0.0
0.0
0.35015717551707626
0.0
0.0
0.20703003221462804
0.0
0.0
0.0
0.3423178842358407
0.0
0.0
0.0
0.0
0.0
0.007839291281235583
0.6498428244829237
0.0
0.35015717551707626
0.20703003221462804
0.0
0.0
0.1352878520212126
0.20703003221462804
0.0
0.20703003221462804
0.35015717551707626
0.0
0.0
0.27892808895354343
0.13457991270920394
0.0
0.5864919983372526
0.0
0.0
0.0
0.0
0.27892808895354343
0.0
0.0
0.0
0.0
0.0
0.0
0.0
0.0
0.41350800166274737
0.0
0.5864919983372526
0.0
0.0
0.0
0.0
0.0
0.2789280889535434
0.0
0.5864919983372526
0.0
0.0
0.4859581211680273
0.13457991270920394
0.0
0.3794619661227688
0.0
0.04759430531019525
0.0
0.0
0.438363815857832
0.04759430531019525
0.5140418788319727
0.04759430531019525
0.0
0.0
0.0
0.0
0.0
0.6205380338772313
0.0
0.3794619661227688
0.0
0.04759430531019525
0.0
0.0
0.0
0.0
0.0
0.3794619661227687
0.0
0.0
0.6303062974123667
0.019536527070557086
0.0
0.35015717551707626
0.0
0.0
0.446508365374622
0.0
0.07681466278698879
0.5534916346253779
0.36969370258763334
0.0
0.0
0.0
0.0
0.0
0.0
0.6498428244829237
0.0
0.35015717551707626
0.44650836537462213
0.0
0.0
0.0
0.0
0.0
0.446508365374622
0.35015717551707626
0.0
0.0
0.13946404447677022
0.0
0.0
0.0
0.1394640444767702
0.0
0.0
0.0
0.13946404447677022
0.0
0.0
0.0
0.0
0.0
0.0
0.0
0.0
0.13946404447677022
0.1394640444767702
0.0
0.0
0.0
0.0
0.0
0.0
0.1394640444767702
0.0
0.8605359555232298
0.0
0.0
0.6498428244829237
0.0
0.0
0.35015717551707626
0.0
0.0
0.446508365374622
0.2297100696248566
0.3260612594824024
0.32378156500052135
0.35015717551707626
0.32378156500052135
0.0
0.0
0.0
0.0
0.0
0.6498428244829237
0.0
0.35015717551707626
0.6762184349994786
0.0
0.0
0.0
0.0
0.0
0.0
0.35015717551707626
0.2297100696248566
0.0
0.6303062974123653
0.0
0.0
0.3696937025876347
0.0
0.0
0.20645848487997354
0.5162371401849714
0.3530019224773102
0.2773043749350551
0.3696937025876347
0.2773043749350551
0.0
0.48376285981502865
0.0
0.0
0.0
0.6303062974123653
0.0
0.3696937025876347
0.7226956250649449
0.0
0.0
0.0
0.0
0.0
0.0
0.3696937025876347
0.0
