0.35884614415322574
0.37735834374999994
0.38763780141129034
0.37948992641129026
0.3793465756048387
0.37326220866935483
0.39529657459677425
0.405868685483871
0.39267017036290325
0.3955577318548387
0.3758550756048387
0.4208246491935484
0.4279239032258064
0.41635997379032263
0.38642012903225803
0.38424616330645156
0.38504972580645164
0.4154694052419355
0.4146737762096775
0.41515928125
0.39733370463709683
0.4101305241935484
0.39617478528225814
0.41068036693548376
0.3825873840725807
0.38408755443548387
0.3848225695564516
0.4073373346774194
0.40678232560483873
0.3925212046370967
0.3990192560483871
0.40484893145161294
0.43960395866935487
0.42711044455645164
0.4230100131048387
0.4286948618951613
0.4307297489919355
0.47072565625
0.4576032681451612
0.45184167943548387
0.43189799294354836
0.44713905745967736
0.4515036401209677
0.46553592338709676
0.48149917842741935
0.4601026481854839
0.44140180040322574
0.46398739516129034
0.4821022721774194
0.47605083165322587
0.45754233064516125
0.47889938306451607
0.4739124697580645
0.5046571199596774
0.49150575907258065
0.4906723518145161
0.48133198286290324
0.4890088941532259
0.5147815211693548
0.4916880967741936
0.47600308568548394
0.4783424395161291
0.4757300927419355
0.49885218548387095
1e+100
0.4809342983870967
0.49050747983870974
0.4910806885080645
0.5096784546370968
0.512583914314516
0.5033157923387096
0.5024383709677419
0.4942656965725807
0.517300595766129
0.5316436199596775
0.5209399697580646
