0.37421961414790994
0.3551032154340836
0.31699646302250806
0.3222289389067524
0.32806302250803854
0.2941672025723473
0.2894229367631297
0.28667867095391214
0.2919058949624866
0.2811230439442658
0.2994851018220793
0.2818773847802787
0.3025609860664523
0.2918994640943194
0.30033279742765273
0.313324115755627
0.2996369774919614
0.2865022508038585
0.28476816720257236
0.2964295819935691
0.30047170418006436
0.2828508038585209
0.28482057877813505
0.27458971061093246
0.27198199356913183
0.26629163987138266
0.2684700964630225
0.2735334405144695
0.2807768488745981
0.27028906752411574
0.2593672025723473
0.25935401929260454
0.2575546623794212
0.26860771704180064
0.2592488745980708
0.2552096463022508
0.25655755627009647
0.260483922829582
0.2635781350482315
0.26887931404072885
0.29542604501607717
0.3038305466237942
0.32371607717041806
0.32816688102893893
0.3311951768488746
0.3014430868167202
0.3371720257234727
0.3542446945337621
0.36100836012861737
0.3792861736334405
0.38562636655948557
0.3932903536977492
0.37268327974276527
0.36271479099678455
0.3593266881028939
0.2375627009646302
0.5963289389067524
0.434703536977492
0.43384662379421224
0.4325369774919614
0.4338221864951768
0.4441389067524116
0.42508006430868167
0.42983086816720256
0.4410443729903537
0.44230868167202575
0.43962154340836007
0.42167942122186497
0.4098012861736335
0.4168051446945337
0.42463054662379424
0.4157691318327974
0.4094514469453376
0.40084405144694535
0.40920836012861733
0.4020852090032154
0.38725305466237947
0.40208842443729903
0.4066575562700965
0.3894305466237942
0.38399099678456594
0.38618360128617363
0.3763102893890675
0.3718035369774919
0.3742585209003216
0.3804604501607717
0.39112443729903534
0.38313086816720254
0.37920353697749193
0.37246366559485533
0.37778167202572344
0.39096109324758843
0.38743987138263664
0.39868938906752416
0.3905038585209003
0.3874511254019293
0.39956109324758843
0.3946903536977492
0.41705562700964627
0.4100858520900321
0.39617524115755626
0.39491672025723473
0.39807524115755627
0.3830909967845659
0.3558475884244373
0.35824147909967846
0.36115209003215426
0.34030000000000005
0.33897524115755623
0.32522926045016076
0.3190948553054662
0.31296623794212225
0.319396463022508
0.30708713826366557
0.3121620578778135
0.30410707395498393
0.3002797427652733
0.2903434083601286
0.2935733118971061
0.292079421221865
0.27549807073954985
0.2432572347266881
0.24458874598070737
0.21745369774919615
0.2188715969989282
0.21693987138263665
0.2146958199356913
0.22719485530546624
0.24208971061093248
0.2507855305466238
0.2493533762057878
0.24769614147909969
0.25130096463022505
0.24630321543408357
0.25784340836012865
0.2689022508038585
0.28005498392282957
0.2848147909967846
0.28978424437299033
0.2820453376205788
0.2851697749196141
0.29448745980707397
0.29075594855305464
0.3032768488745981
0.31291800643086815
0.3157025723472669
0.34215466237942127
0.35926527331189706
0.36950996784565915
0.3273668810289389
0.3345414790996785
0.3339360128617363
0.34575112540192926
0.3642019292604502
0.37134823151125407
0.35093633440514466
0.3633421221864952
0.37648488745980707
0.3651829581993569
0.36387009646302254
0.3713334405144694
0.3754463022508039
0.38206205787781355
0.37966752411575566
0.3781440514469453
0.37466752411575555
0.3821646302250804
0.368948231511254
0.38203794212218645
0.3897816720257234
0.3879942122186495
0.3842350482315112
0.4040435155412647
0.5508038585209004
0.558454448017149
0.5463802786709538
0.5437479099678457
0.5436559485530545
0.5431091103965702
0.5445612004287246
0.5395545551982851
0.5405123258306538
0.5739395498392282
0.5777314040728831
0.5701609860664523
0.3899843515541265
0.5009622722400858
0.4185050375133976
0.0
0.0
0.0
